Z Score:
Outlier_list_Z:
15      704000
60      704000
520     704000
691     154350
1104    704000
1362    704000
1436    704000
1562    704000
1602    704000
2153    704000
2297    704000
2835    704000
2969    704000
3332    704000
4056    704000
4646    704000
4868    704000
4882    704000
Name: order_amount, dtype: int64
-------------------------
IQR:
Outlier_list_IQR:
15      704000
60      704000
99         780
136        765
160      25725
         ...  
4918     25725
4927       765
4952       880
4958       865
4980       772
Name: order_amount, Length: 141, dtype: int64
